-7391
-1968
4501
-7936
6372
8952
6961
8936
1723
9086
9299
-5889
-7280
430
-6743
-9253
9456
-3883
6873
1563
5477
-7255
-3078
7517
5930
-8037
7410
1937
898
-3330
1452
7990
-5042
4877
5930
8091
1566
966
6697
-9301
2734
4722
-7846
7149
-2558
-1832
9345
5345
-4302
5061
-529
2525
-6044
-8678
9067
-987
5365
-257
-5104
-5609
-2472
8465
4026
2855
6924
2119
-5319
-2491
1219
-1840
-7149
6847
-3092
9418
-7740
4263
427
1898
-5925
-8270
-4018
-9448
2063
7814
3408
-5770
-5704
-8162
3625
-1575
-1763
-2958
2454
-432
-5315
-8204
9643
9821
4350
5069
3478
-6834
6459
-7876
-2669
-3502
6848
-2858
-9314
-8168
-6775
2765
-1700
-3899
9012
-1707
4364
-932
-668
7076
9858
-8210
3245
577
7929
-6901
5607
1718
-1639
7733
-3745
-4714
-5732
4961
-9589
-7597
4868
-4463
3836
-78
-2010
-3832
9810
3703
5252
451
7326
7597
-1421
-6630
-1475
2667
9661
4592
-4914
-7713
1750
-7567
-3015
-1584
-5699
72
9348
4229
-4653
5632
-6846
-491
4350
2832
-3488
-5231
-6766
-72
3097
5704
-6280
7050
6592
-4472
8908
381
6857
9583
-7120
8568
-6490
2174
9082
-5969
-766
6363
-2838
-5997
8125
-3358
-5054
7564
9861
5034
5000
4663
-7307
8982
-9339
-8920
-1193
6088
-2514
-3625
914
6028
-5339
-3729
-1617
9979
8332
6446
2327
-7347
-3282
-9956
-9206
9685
-7295
6049
8925
-5935
-1140
6005
-8799
-9095
-375
-4429
5427
7821
-2854
-9467
1768
5332
4329
4668
3001
-5495
-1809
-6117
-9493
6720
-6808
-1796
2567
-5739
2561
-8409
2234
136
8309
2257
5554
-8664
-6605
6586
-205
-4124
-3950
-4300
-9253
-4872
-7071
1174
-6002
1132
4793
-5812
-8592
5571
-1253
-5167
903
-8150
-4944
-5187
3865
-884
5530
6698
-7866
6765
-9966
-6415
3824
-9394
-5876
9979
2014
181
5956
-9851
-4257
9902
-1852
-6223
3339
4408
-8084
4664
4029
9862
-1956
-7303
-9672
9409
-8083
501
-545
-3845
1911
5352
8076
-6899
7619
-1919
-2744
-6558
1350
-2725
8459
-9095
-744
1982
3816
-1519
9974
-5417
3010
689
-2206
3952
6503
8716
110
6184
7087
-3898
6410
7814
8201
4044
548
-7981
9225
7252
7130
1376
-9797
2271
-1289
5
-9253
-1170
-7621
5272
9779
2564
2590
-1237
7272
-3625
5451
7450
976
3788
9435
4661
6535
-2392
5363
4364
1240
-2835
4707
-2290
4262
-2648
7251
3625
-8500
4409
1778
-8933
-9664
2038
-7417
399
-2957
701
-9708
-6989
-955
7073
-476
-1326
-4659
9260
-1543
-1617
-2354
4014
8099
-4730
6443
7740
-4793
-5923
-3502
4275
-5390
7457
293
-6991
-8668
2656
-6633
6772
-7007
-331
3650
5561
-5228
7924
-2630
7317
1389
9628
-4703
-7736
-968
9633
8744
-7790
-770
9193
-7941
-7571
143
9044
-2570
7330
1959
8144
4779
-264
5594
-7916
-4528
-4920
-3573
-1611
-7552
-3265
7946
-5615
-6154
-7365
-7575
5304
-4694
-2804
6700
3397
-307
-7900
2627
7998
-4645
-1705
-5077
124
3515
-4497
-8021
-9330
-771
-6530
-7892
441
4092
2879
-7149
-4465
-7621
8143
4128
3452
-9128
3931
-415
-6610
4313
7743
8076
4036
-3932
398
7996
2462
-6711
725
4759
-1294
1055
-5070
-8604
8256
-2920
-2597
-9033
5020
4854
9456
-2189
-5940
455
-4517
-2447
3276
-4188
3458
3970
1155
3214
-2856
-9625
-8322
-8356
-7522
6041
7166
3910
-4976
-2356
-5390
-5619
7635
1707
-6600
-6873
-4759
3185
3787
3938
-8911
2410
-7077
7459
-3816
-9294
2540
-4965
-907
-6636
-379
-8292
6790
-2918
-5099
6161
-5153
7333
-2275
-1207
9681
-7220
5612
-7771
1672
-9474
-6318
6292
3916
2154
-7432
8372
-6766
6598
-7333
-2521
-2652
9623
3147
3661
8841
-6899
-7487
3681
-1316
-8390
-8521
-8212
6861
-6877
7943
5594
-4440
-9383
1818
-2159
-5438
-6331
771
-5656
6391
-7339
7568
-9270
445
-6609
-1782
4056
-924
-1894
5071
-9307
-7443
-4706
-1852
4395
-3569
5398
-2911
2076
1637
-1320
-5603
6638
-2971
2296
-1235
-5550
9365
-2492
5019
5059
2142
458
-3692
-2648
-349
-730
6032
5870
7166
3970
-7844
-2979
4717
4353
3788
3037
-185
-9253
7896
6293
7307
3636
1017
6400
-7445
-4621
6399
-4247
9337
-151
2966
2694
-7384
1455
7388
7785
6373
1556
4373
4661
1169
-2243
-3791
-8232
5139
5652
-3084
-2305
2921
-8570
-6191
143
-6283
-2850
-9413
6013
-16
5443
-5935
-826
-5726
824
2209
8021
-1703
-1949
2007
1318
8125
-552
9550
-5049
6503
-1997
-6986
-43
-6181
-2180
8999
7894
-6261
-1975
4251
6400
-252
276
-318
-9990
-6603
8054
1810
-603
-5844
2534
1215
-5705
8578
-9455
6048
-8329
5398
7466
-6582
100
2365
-5916
7607
3460
4675
4904
-5344
559
-47
1703
-70
-513
1109
9822
4036
-9740
4353
5823
8033
3183
9245
5543
-6070
-1805
3367
-276
3075
-446
-7911
-6622
-1370
-7286
-7097
8072
3753
-6286
909
2405
-6367
-2835
-4323
5628
4774
7226
5404
9195
8239
-7105
874
7133
7517
3245
-1114
-3606
-7006
106
-7329
9458
-1692
-5844
-2957
1350
3561
-1423
4592
3198
3420
750
-9450
1927
7152
2085
-8121
1687
1775
-9278
1913
-5092
2071
-4243
-8860
-500
-5741
-6989
1449
1575
681
-6097
-5673
4647
1423
-4298
5832
5325
-3979
-7073
-9515
-4540
-8175
-5378
1867
4127
-5110
-9109
-2458
-5757
-3969
-9510
6680
-9253
5046
-9617
1942
-9897
-4085
-4497
-9608
3828
-9653
444
-9666
3500
4029
6369
-7272
-7865
-1645
4479
3190
-2493
-1336
-8301
-3945
4236
8880
3808
-7467
8365
-6558
-6363
-6558
4864
4955
-4156
-8689
-619
8328
5012
-7196
8856
2362
-4196
-3835
6034
2429
4656
-3958
-9921
7766
3570
1468
-9389
-5608
4974
563
3868
607
9056
-9992
-3267
-2770
1129
5069
-4693
8034
631
3605
5851
-4088
6873
3820
-4251
-7949
9805
-8722
-1472
6543
-7907
-4578
8866
1683
5773
-1455
3709
6561
-1662
-8331
481
-443
9522
-2565
544
-3267
4360
-7095
-1855
-8298
-5644
2314
-821
-4730
-4543
-7167
-7547
9741
1551
-394
9228
5313
7671
-3895
-3233
-4706
9371
2616
2274
6558
-4653
8286
-4239
4636
2049
7276
-369
6873
657
8638
3225
9629
-5696
7568
3661
9677
2515
1088
-5442
4961
-4609
-5032
1663
-8255
3103
8056
-1772
3809
-2241
8144
1464
3800
-6408
-9118
-6395
-3954
958
6292
9458
-2858
8606
-4497
2215
-4653
9174
-8867
-6969
4092
-6198
1683
3423
1129
1264
5231
3709
8941
5998
-4486
252
8929
5396
-1228
7716
-7487
-409
4814
-7941
-7813
-8983
9022
-7097
-8627
-6104
-2921
5622
-7865
-9636
8965
8566
-246
3832
-3728
-8726
-6838
6568
-4827
-7542
-8221
7031
498
7272
-1561
-5630
2158
-3383
-1235
468
-6018
2562
6873
7048
-9564
2638
-2098
-6475
-2114
-9177
8005
-7027
367
-8415
-77
-5698
5332
710
-2720
9435
-2001
3501
-4503
-9440
-7316
-2838
-6780
7169
-8613
1904
3498
1048
-3465
-2317
-7095
-1979
-1194
2019
-8021
2662
-3384
7065
3820
-119
9208
-2876
-5516
-538
-3525
1733
5635
-5153
-6989
2787
4540
8784
1617
7220
-1049
-4436
6292
203
-5873
-1411
3501
5548
-2725
-2135
4748
3357
-2399
-9814
5495
-3774
7102
-1503
-5613
-3646
-4339
-6560
6251
-2642
7405
9057
4186
-1711
9382
1160
1339
7164
-7828
-2357
-6204
985
-6898
-4663
-432
3081
-5645
-8802
5688
98
4447
5229
-7957
3605
-6218
-1938
-9434
-5767
9818
6409
8131
3631
2669
1116
5069
-5190
-982
-1404
5012
2829
7924
5396
-9912
1351
-2742
-7399
-9763
-7865
8561
-9775
8611
-1474
5584
9502
-4546
-8073
-9572
-1783
-7258
-6398
4902
-6349
4132
2842
-3499
-2118
-1475
-5841
-7548
5136
-6471
1420
9080
9126
-3275
7796
-3391
-4543
3836
374
-5055
-4101
-8056
-4188
-1539
6219
-2112
-476
606
6464
-3958
6745
-5032
6849
-6329
-8142
8105
-6160
-9561
4956
2046
506
-2245
4627
-307
4388
8978
5024
1723
6806
-8170
1447
3986
7990
462
-9791
5772
-6877
-9863
-2395
-5544
-2258
9570
223
8211
-1225
3986
-1251
-8758
-744
-9803
8482
9828
9351
-4925
3684
-1833
4496
-3369
-6448
4240
-4524
6650
-7967
-6335
1575
-4170
-8276
8349
1982
-7804
-1618
-4453
-1703
4395
-5408
-2291
6862
-1070
3458
5613
-608
-7969
9519
-7911
1138
8387
8825
1964
3342
-9397
-9366
-8752
2274
3014
-4337
5363
-6787
-5309
-1720
9383
-9441
-4447
-8362
-3660
2196
-6318
-6939
1778
9871
-9031
-3192
-1618
-230
3198
-7266
-9525
3966
5351
-8978
-4813
4628
4516
-2189
-7361
-8320
1831
4895
-8348
-3068
5304
-9955
-1545
1373
-3421
3688
9325
6543
-7971
-2187
-6461
742
-9603
-8243
-5997
-4494
2795
652
-5343
2663
9355
4132
2697
5912
-7941
-3084
-2491
3796
5070
2046
7121
7342
-1963
5276
-6838
-38
-823
-5841
-3294
13
9753
-7370
-366
1473
-904
-528
-2691
397
-120
-1483
3868
2758
4359
2857
-4575
-2341
-6044
-5203
5148
3198
-6461
-5607
-517
-9779
-937
3532
-7827
9544
-6432
670
9836
4236
-8907
-6175
6994
9399
-7429
-6398
3703
-3663
-8142
267
-3714
6555
9996
-6517
-7994
-1960
7834
-1086
5332
8021
-9166
2164
7670
550
-3487
-7350
-2226
-7071
1122
-4836
5365
1546
5102
-4052
9022
2614
1709
9912
-5696
5627
6443
7401
9356
6119
2245
441
-6368
7284
-9452
5124
4405
-5819
6242
-9315
4563
890
3604
3919
-6932
-603
-5619
3042
-7181
8801
-7801
5270
-1752
-7501
-6277
6739
-9106
1413
8726
5765
8821
3680
4675
-8860
-8635
3709
-1400
-2764
-4979
-9241
-7375
6324
1997
7965
-936
5151
-5435
9631
3692
5852
-9851
-1939
-8925
-1675
-4039
-2369
-6384
4046
-8577
9005
-3670
-2010
-8892
-6989
-8133
1326
-1818
-8877
-446
6857
3372
2526
5057
-5259
7707
8078
-3295
5420
-9891
5094
5885
-5729
4725
-2710
577
914
-8162
2082
8766
5153
2898
-6787
-4038
-5455
3938
9262
-2560
7336
5548
8922
-7936
-1733
-6780
272
-8289
-5955
-4453
-6179
1982
-6932
-9180
-3028
-9852
6169
9865
545
-8009
-4144
148
6432
9128
-686
-8204
1751
-9857
9205
9444
5316
-2770
-5359
-3367
-6268
4824
-7018
-2165
8227
4282
-6358
4654
-3224
4051
9532
7606
-4243
9318
-2246
4488
-2491
1791
-1994
5630
-545
7301
-5428
3631
-2226
8880
-9723
-8856
-5337
819
-6989
-4632
1825
9034
177
4606
-7126
-9688
8766
-7362
3556
-9247
-9739
-2323
-741
5304
6531
9054
2320
2876
-6993
5013
5797
4070
4784
-8017
-4912
-3398
-4548
-2268
5182
449
6443
6268
-2897
-5819
7605
3925
-8737
6948
9925
4534
5673
-5020
-643
8489
-2144
3865
6363
2447
7158
-1345
-9992
16
-9339
-2396
5419
-7871
6347
1875
-9834
1327
-9348
9974
4537
5694
8482
-9935
4813
-943
732
-4953
-1890
-3384
7984
9152
-3488
6909
-4297
-7353
7186
650
-8182
1083
-4353
6722
-1106
-8134
6520
-422
7082
-3262
5961
1509
9199
-7267
2068
5618
-5713
-5186
5304
-8010
-3222
4610
5732
8349
4787
-489
-2705
4036
6740
4442
-8851
-4621
8122
-7713
-4074
215
8564
6071
-615
1879
1344
3811
-3554
-4317
5950
-1851
3532
1005
2132
-6534
-1797
7588
-904
3026
-1841
3160
-3113
-2811
3059
3305
9356
-4683
-9441
-3408
4195
1174
7047
7971
-7461
1593
9474
-1823
1879
-9994
552
1298
-4840
-9595
-2727
7894
7914
4668
-728
-5226
9847
2761
4210
-8827
-2471
4729
-5642
-3523
3339
-2170
3688
-6200
1898
-6290
-6560
8769
-6442
3755
-3568
-3241
1239
3348
-7967
8619
-910
8731
128
-1916
-2052
-2905
3500
7360
6921
7254
-6926
346
-2649
-9245
6793
874
9371
-4641
-7772
-2004
5705
8858
-1949
8933
9179
3167
-2
-9669
-4064
-673
-4443
-1074
1520
7840
4460
496
6453
909
-1894
-7295
8543
-3931
-9170
2916
6232
-6086
-3865
-5536
2452
8891
-4008
-1994
-2873
-1406
6405
7213
3848
-654
-3265
5211
1735
-6471
7661
-1999
9243
391
-8415
7119
-3790
-3605
-6048
-609
8276
-1041
1136
5021
-387
-9911
-3525
628
-9342
8929
3725
-31
7460
9886
-2305
3167
299
-9266
8628
-4925
9308
-7621
-1820
-3467
938
-4780
2365
6335
8458
-3908
-3443
2620
-9995
1175
4391
-780
4463
7645
-936
9830
-9285
343
7431
-7522
-8407
3061
-5722
495
-2508
2158
8372
-1856
-5546
-412
-685
7616
4282
1962
-7050
-5634
-3960
-3139
1815
-7776
1198
8087
7421
567
8833
4706
-8585
-7339
-8663
4475
2936
-6757
-2120
-5762
-212
6858
5120
-741
-1297
-5527
-1737
5112
4262
-3721
5399
5783
4877
-8812
-6051
7116
-336
-8037
1411
-4015
-5094
-9669
-6365
8383
2999
-9422
1312
4096
-6859
-2245
-4248
2320
9588
3231
7420
-5824
8029
4132
-4017
9203
-2041
-107
5994
-1235
-5342
4265
-2972
-256
2584
-9375
-2518
9325
1709
-5634
-1235
-2010
-8171
-4515
9805
1992
-1304
-7224
6506
2626
-4085
-4909
-9958
-5119
-8682
-1534
-1086
1363
-4339
-9952
-8026
-307
-1389
-3304
-1045
-4891
-6850
4519
-1584
8675
-6475
6386
-1681
4094
-4522
-345
4102
-2873
69
5888
-7707
-5025
-9324
-225
-1252
-9008
32
2718
-4467
-6631
6170
-6983
6622
-4944
1466
5372
7382
-9325
-3703
-784
368
2252
2026
1817
-8789
8942
805
-6835
6653
5309
-7508
-4620
-1624
-233
-8181
5000
7808
2373
7576
-7350
3075
4455
4863
6531
4363
9720
-265
3519
-7804
-2861
84
3149
9865
-7052
1449
-4124
9245
5365
-3287
-7737
6115
4422
-6382
6668
-4642
6461
-8811
6989
-7987
4395
9642
2955
-5935
1746
3081
3332
8266
4925
2482
9898
-5024
4997
8065
-6830
-2221
-8225
-1252
-1000
7085
865
-8604
7420
5798
-3359
-8249
7811
-2128
962
9243
-5935
-5940
-4518
-9478
-6151
4263
7333
2955
-900
7808
4132
4284
8439
-3178
-8743
-6931
4095
-7792
-9224
6605
-2754
5814
-9930
-6631
-4989
9046
9625
-8682
3362
6577
-8589
-951
-8860
-7388
-7603
-8170
6256
-7870
4117
-6475
9213
3042
-3346
-9629
5353
-209
-1483
6730
5889
-7828
-7795
-4017
-3111
1971
-9688
-7876
-1064
-669
4730
6044
-1584
-509
3215
-8782
8904
1884
-741
-2941
8331
-2669
-4248
-5144
-6200
-8927
-1380
9175
8221
-7165
8231
3024
5826
6804
-9176
9570
-5343
4522
-3663
3563
2641
2317
7960
6479
-7702
-1616
6740
-2508
-2623
7537
1807
-3547
-5662
-264
-7636
-3221
1975
-5850
759
-9926
1817
-2924
-38
-7165
-5151
2881
-9763
4036
-8314
6765
5233
4385
-3715
-1863
-8686
-1516
4353
-8403
-9395
8941
-6159
-4771
6891
5691
-1212
2333
-4522
668
8669
9631
-1132
-3125
2526
-6480
2025
-2189
958
-4902
-508
6103
2924
-3114
-2073
-5630
-2305
-1571
-899
-3835
-8889
4871
-2676
938
2693
4554
6924
185
4084
2830
3463
3792
-9193
5750
-5574
-7149
1793
2004
1421
7516
-2413
3226
-5225
-7821
7598
-9942
-3409
4414
-7337
3296
-526
-8577
6005
-5844
6428
-3925
9706
6811
586
4422
8040
-8628
-7872
1924
-7224
-7749
3836
-8747
9814
4146
-9455
-3272
1445
-275
1239
9706
-7224
8229
1652
318
-3139
-5111
4907
5342
8742
-5184
1867
6879
2327
5856
2631
5277
3444
-2243
5359
5157
418
-4522
2387
3960
-5643
8244
-9106
304
-7090
-6448
-3235
1609
887
-4016
8161
6906
-4084
8221
9279
368
5995
-4889
-392
-9775
9906
7176
4629
-6714
593
5643
9368
7249
987
-6665
9744
6478
8929
4918
-3657
-9710
6138
-2515
-9095
-8212
-4791
-3525
-963
-7431
-9202
344
1817
1250
5399
7405
-7949
7739
5958
3105
4703
5939
3922
-8896
4221
6093
3363
-6046
-6947
6648
-7935
-3421
69
9706
-6958
6535
-7787
4313
-3526
-4125
1454
1945
1639
-6241
3575
1005
-3786
-6365
-1940
-8628
-9266
246
-4554
-6434
-3908
8154
-1173
-6631
7102
84
-1927
-6878
1898
-7494
7277
-2520
-3625
-4934
-2190
-9667
9355
-1841
-4988
3498
4759
5540
-6650
5305
5543
-2088
-1154
6790
4989
-815
2442
6568
-549
4501
-8177
-1835
4552
-5377
-9540
-8437
7276
-5024
-1272
-8718
-7597
9314
-5417
7613
-6471
-1389
4118
-4364
-2886
-9538
2384
-2189
-45
7186
1210
-1809
9642
-9703
-3605
1136
6031
-2859
-8662
712
-7871
-4163
7613
5815
1707
8840
5410
7077
-4976
-9122
6611
-7155
8228
8564
5844
8141
-6508
-7876
8702
824
2943
-332
9340
-126
8655
-4343
-9552
-2858
2152
-7827
4855
2605
2595
-8802
-1120
6256
4133
-2911
-3394
-3571
2825
489
745
-3578
-1887
5754
2084
1269
-2495
-402
-215
3183
-2160
-4239
-448
-4023
-4083
-7902
-4615
2068
-314
-2209
-7370
8554
-9424
8486
-2854
2279
8332
2561
-7971
-3959
4395
-2724
6290
1179
-5109
1379
2722
8860
6520
1626
-4837
-9667
-9042
-3780
8308
5178
-9937
-1382
1057
3105
-8235
2776
8908
4930
-492
7962
-1382
305
3942
-6521
-907
7673
2691
-8706
-230
-6084
-1182
-5097
6645
-4531
3838
-6211
-3452
6848
2583
-398
-9395
-1741
8065
6274
-3565
8126
-8437
-7941
-5036
185
-1499
-8799
2154
4826
1898
9243
4829
-5796
-5124
223
2353
-7561
9706
-9344
1233
-8778
31
-4304
-8098
286
-9359
-7245
9206
-1250
1956
4793
6386
0
8482
-7285
-9394
6336
7838
-3814
-9540
-3440
7913
2026
-9176
-7972
7990
-3644
5750
6108
-3326
-3721
7608
2290
-6767
-1985
-5999
5765
-5826
742
-741
-4012
-5654
-763
7998
4534
742
3742
368
-5936
8618
9592
-9199
-8329
471
712
-3113
-2604
-1344
-4020
-3114
-2358
-3846
4486
-3458
404
-869
8925
8338
-6990
8872
-5020
246
8201
9031
9461
5905
-1539
-5026
3240
-2331
-4842
1240
9741
-6530
2746
5570
-4343
445
-7711
4627
9934
6669
8598
682
-1448
4645
-6097
-9326
-9537
-9846
-418
9308
4260
-4388
9628
-8649
1745
2955
5499
331
6612
-775
7420
2225
-4815
2771
5778
2234
-1314
1409
7962
3190
-2626
-9149
-7488
7645
3747
-4195
-3934
-170
-4526
-6500
9727
-3646
2209
-5192
7564
-6110
1390
-8594
-5440
-6745
8908
1289
-7432
2432
-4012
-6606
-2031
-7341
-8680
4953
-4033
-7359
8504
5443
5672
-1304
4340
9010
3460
-7911
384
5712
-6358
-1475
5039
-7945
-2736
-1027
-7443
9175
-6585
-8912
6557
3342
7783
-6131
-2604
-1188
-6842
148
3661
-5615
9444
-8331
8963
-6560
-2159
6967
9558
3438
8432
-3605
-3780
-1252
8718
9770
-1095
2666
733
-941
-3605
2046
4536
9243
6951
4999
7692
-8098
7039
6586
8931
-6233
-78
7487
146
-6956
2279
-9042
2886
-7167
2882
2422
-8298
1005
9950
8501
716
5888
7610
-968
8978
-7567
-8781
9530
1925
-6344
7394
8154
-3856
659
252
1602
6347
-9460
7412
2497
-1400
6400
-7309
7017
8164
6595
9046
-8628
-9774
-4423
-4909
1615
1518
660
8929
-4486
-7834
4222
6138
-5178
-6324
7272
-3974
-3326
8506
9650
7097
-4248
453
6303
-4548
-4423
4187
-3797
-9525
8638
5612
-7914
2073
3641
-9546
8708
701
-8026
1038
6700
8557
8594
5451
1592
-800
417
4421
-2683
-7307
9930
797
357
-3787
9574
8474
-4545
7878
4999
-8119
2830
-4009
-6585
2453
2444
9319
-5721
-178
-2474
-2760
-936
3251
-7048
2605
-3358
5478
-779
-8170
4786
2667
6663
9592
-1519
2226
4774
3785
-7149
-3525
4740
-8057
-3155
8908
-8628
-9130
-9364
2071
3976
6371
5127
-4017
-3780
5683
-9981
5347
-9114
1483
-836
9175
5393
3160
5775
2540
-3211
-5071
-9912
-2603
2277
7848
3074
7868
2534
4214
-9882
9639
3854
-8779
6389
7393
3431
8744
8798
-3399
9014
-4586
-5975
-7170
-349
2520
-8929
-209
8584
40
-7586
3172
-6578
-97
-950
3003
8860
-286
4548
9503
-6048
6857
-8760
3185
-6932
6348
-3960
3703
6617
3420
4030
-9199
980
-7871
9973
-608
-5342
6538
-36
-4484
-7307
-208
-6355
2746
2095
2626
-2400
-5512
8320
5892
8680
-6792
6653
5810
4787
3929
8674
-7691
-682
-5020
6239
-588
9522
-609
8453
9625
-1267
-4491
9661
2620
7256
-4916
-5270
6724
-8194
-1752
-491
-6851
7431
8415
-6842
-7713
-4135
7564
-8523
61
-7524
319
207
4351
6161
1855
-2672
4863
5233
689
756
-6692
-6323
-4365
4363
2626
2972
-3291
9207
-2271
6284
6949
6421
-9253
-9774
-4236
-421
7564
368
1803
4432
-8442
1219
-6565
-306
7252
7911
-3511
2382
683
-942
-9960
-2491
7241
2924
-9255
-8365
2051
-5881
2447
6171
1722
1034
6723
-7554
-501
-8037
4188
5027
-833
6678
1919
6892
-9254
6816
-4692
4779
-2686
-3700
-5475
9957
1581
-3677
5039
155
-5537
-8821
6910
8161
-5516
2150
2867
-9762
8129
-6374
-6566
-5148
7381
-9496
-9903
-230
5105
5612
-9897
-4251
1946
7962
-4371
4690
4353
943
4915
4774
-2907
2051
1081
-5430
-3113
8593
-173
-1717
7408
-9683
-7550
5772
6526
8841
7450
-669
-3264
3577
-5052
5688
9298
7596
-5796
8592
-6484
-7575
269
-8311
-1417
-5200
-8662
-3452
2848
-267
-9313
9277
-8800
2465
-1628
-2623
-2144
-7474
9399
4786
7383
8868
4587
1036
-8126
6913
1817
-1670
-3713
-3149
-8877
1368
-5819
-8289
7363
-1131
-79
-7470
-5939
9358
1640
2748
1722
2085
-8442
6434
6103
-4850
-9608
9665
1455
7681
8863
-7114
1688
2150
4121
-5058
-3313
2526
9865
-4779
-1005
-528
-6605
-6940
-7141
7613
-3405
-4248
4421
-7740
7075
-5345
4298
3003
289
-7058
4714
-2356
7039
5021
7605
8721
689
5549
9234
-6145
8925
3186
3275
7388
-7687
-1703
1879
3090
8221
-2166
-47
3532
-9740
-5934
7688
-7702
-7694
2842
-5798
-8264
-202
-1190
473
9557
4225
9826
1885
5323
7552
3093
4421
4666
-7611
-7835
7440
-6884
-4619
6160
-1617
9416
136
-5471
-7019
1350
-4084
-6365
-1055
7979
3674
-1441
-6000
-6199
6032
2577
-6064
-8400
2082
8573
-4975
-6882
-9277
-943
-5882
7464
6009
8383
6574
-6240
5249
9826
-4339
9308
5410
5760
4762
-8264
-5660
5950
6690
5157
6258
-936
-5119
3741
7410
-2656
1243
-1140
6828
-1111
-1079
-6983
-3491
1685
-5094
8575
6182
8702
1289
9348
-1502
-1994
3157
-2594
-3578
637
-4951
-4820
-356
-801
-2681
5879
-1143
5676
3693
3894
-7353
-9074
-7930
1946
-3003
1659
3057
-8799
-4500
-4650
3325
-869
796
-2396
551
-3402
-6722
-2664
577
-1079
-9732
4721
-7276
8029
-4827
-1789
5021
-3294
1870
-8613
-2685
8745
1132
-2486
-2980
319
-9521
-9431
-9515
-7787
1945
921
-2924
5276
-9018
-6200
-4944
6828
8365
-9358
3122
4402
7051
9348
-8442
8638
-2119
6407
-1380
-349
-776
8631
4674
5270
-2183
1867
-2325
-9206
533
-2449
-5761
-7804
4304
8745
3925
7651
-3582
6404
-172
-8283
-3010
-601
4417
-3481
2448
-8133
3783
218
-1000
2443
-6780
7689
8458
9720
6949
-5668
-7274
-9852
-1856
-1502
-7492
-8180
-9254
7792
1788
8996
-4196
-3459
3344
8281
-5111
-1326
9320
2814
253
-3530
8745
7435
6024
-7505
6006
-9325
-4569
9156
-1499
5608
-3356
-1703
-8758
5699
9814
9031
-6057
-8288
6755
-3456
1447
3431
-107
-5942
-3256
-5348
471
1015
-5947
7673
8301
-2084
30
-8543
-7549
6094
-8383
-5342
-6191
6970
9543
-735
-5102
3012
9170
4282
4814
7885
750
-7149
-7220
-307
-5587
-4054
-1414
3927
-3986
5209
8382
-968
2525
-9762
9084
-3752
6351
7164
3380
9588
6672
-3419
-1235
-6892
-9754
-8595
-1578
-7203
-1573
8936
-8956
-9253
-1288
-8424
-7713
-8628
6748
-7749
-1644
-9552
-7957
1364
8486
2894
-5798
-7114
1146
6885
8577
9073
5219
9753
-9367
1327
8979
-5973
3075
7055
-7669
-1462
-6367
-9516
-6311
-8877
-4559
-7338
8828
-9763
2627
-7266
-9326
-1833
4036
-4004
-5238
3531
9657
-6217
5228
1038
-6632
9467
3190
-2096
3778
-4380
-962
-7098
702
-5119
2627
9245
6648
-5644
2638
-8199
3498
-6491
724
9337
4078
-1010
4748
-8493
6612
-8668
5115
1683
-1175
-5185
6474
-6125
2572
593
4550
2832
-4353
-6996
-603
-6625
7692
417
1447
1335
-5099
3618
-6585
9080
-2616
5276
6724
8832
-7780
-7733
9903
6225
5750
-5607
-5273
-5819
-7984
-4252
8131
-7872
2914
-8706
-9952
4669
1582
3682
3516
7894
-1722
7117
106
-3053
8775
-3154
-8442
6506
-8896
2139
7626
6292
-1826
-8037
-5197
-8543
-2703
-1649
8198
325
-1692
-910
7753
1626
367
-1755
6645
3430
-3189
-6508
4534
331
3087
3080
1523
-5030
-3670
9625
3221
391
-2159
8577
5230
6103
6952
2544
8716
8801
8066
5013
-6676
2310
5010
8953
5870
-2897
2583
-8299
-4822
-2856
-5378
2046
6184
-6168
3407
6445
-9891
1171
-6625
6816
-2504
-3405
-8485
6828
-4211
5856
5892
-3267
9522
5712
2961
-6160
-8263
839
-3958
-5819
7005
299
-6824
-8199
-9328
7116
-8722
9562
-5223
912
5508
1055
229
9591
-8216
-7944
4460
-3384
8415
-1613
-3014
8598
2100
-3125
-5055
-1114
-9962
3024
8087
5010
-8346
7416
724
-4073
-3465
-6953
7165
8828
1916
-1617
-876
-1448
3439
-7508
-5644
9846
8302
-201
8410
1573
-307
5148
6650
2620
-1644
-5841
-3211
3516
4363
-1915
7865
-4545
-3526
-1235
4462
-9084
1162
-8237
-2850
-4598
-2598
-1235
7333
2765
-7602
742
-3590
-307
-6305
-609
-7126
-4253
-4791
969
4589
7760
2448
-3096
5322
430
-6823
980
-6353
-61
313
1385
1792
-2475
-3972
-9177
-9298
8643
-1072
-9891
2026
3067
-5944
-1453
2825
-7173
-4656
-1663
7896
-6898
3057
8209
947
9474
-5524
2288
7679
-5712
-1907
4736
-1940
1817
-4960
4740
-1000
6400
1153
-9676
5251
-5079
-5889
2448
-358
-2155
4787
-823
61
-8051
-6579
6783
-2822
6149
8211
9541
818
-8523
5905
544
5787
-3040
2562
9530
-2998
8848
-540
6013
-4032
3059
-1157
-8532
-5986
4560
-7988
-6223
-4262
-7027
-6465
-9972
5182
7671
-9062
2284
843
-8895
-2177
-6295
-8851
9146
2849
9772
-314
18
-5433
9936
-4381
9474
9049
-7892
4264
9176
-9948
2927
9389
9350
-2669
3869
-9537
-2691
9847
9022
9682
5122
5847
7366
-1462
814
-3300
3267
6970
3059
9836
-731
471
8552
1718
7887
4446
-9366
-8442
4307
-7323
2140
-9935
-3613
-779
-3845
-7296
-4543
4441
438
-3616
4414
3986
5994
3042
9072
-2117
-8428
-6079
-9767
-780
3430
1581
5704
3656
-6710
-6124
-8232
4204
-6936
-4758
-1755
-6609
9203
-6744
9047
-1251
-6879
-9856
-1977
-6199
-1999
1179
-8907
-8760
7326
-8161
5304
-9852
-288
-349
2851
-4019
6032
-5907
-7295
-9443
9161
8635
-6522
8588
4353
-4822
958
-6939
-2958
5467
-1423
-1288
-9608
2250
8745
-1565
-9994
-9204
8186
-3332
980
-8017
5499
8578
2441
7496
8611
7117
6582
-5644
9046
-7464
-5076
-8682
8825
-7264
7596
9383
9570
-9553
-746
8751
-2558
2076
-478
-434
2814
8443
8144
-5536
5008
9421
-4734
4901
6512
593
175
5676
-987
7102
-4467
-7319
-1720
-8476
9058
-2745
-7313
7004
-1170
-2626
6034
-8262
-3345
-1864
3796
-5634
-1737
9558
-4711
-4163
1639
4779
-5074
-2725
4963
-1669
-9106
9064
-5071
700
2071
5316
4461
-1972
-7337
-8830
4036
-1783
-3211
2667
-375
8929
-3160
7754
6794
-4491
-1619
9239
7643
-6275
437
706
-2150
4986
7850
-6377
-5151
3425
-7213
-6823
-3582
-9224
-9327
-1874
-4692
-4793
-1977
5768
-335
3814
8833
373
8147
-5074
7497
3246
3814
-3678
-4278
-8444
-127
-1824
-9478
-8726
-9874
6877
9862
-1624
-4064
1064
4950
5228
1395
-9635
8160
-7720
-5342
-1212
4546
1663
8712
-9395
-8907
-1663
3955
8170
-1648
-670
5712
-5807
9643
-7309
-6792
1553
5612
5102
8069
-9233
-1820
8157
1091
9920
1139
496
3097
-4936
232
-4807
-3128
7896
-7278
-2514
9046
-1632
-725
-9708
6445
-378
6272
-3694
-9755
-5712
-208
1875
621
1427
3648
6103
3361
3848
5013
9858
-2160
-8327
-7599
-7994
7215
1919
6950
-299
-9375
-1225
-1450
520
-2363
1098
-3660
-6544
6475
3520
-2915
1559
1837
-9701
-9413
1139
2779
2959
9682
-1917
9519
-2861
5373
529
-1626
-7142
9057
6624
3145
-9791
54
-7473
4197
890
-5647
-7377
-8017
7697
-3819
4455
8724
4956
316
-5739
1872
-4878
7753
-6163
7865
2674
-5839
9468
-8589
-3178
-7391
-1341
6392
-9657
-2580
-4812
4736
586
-174
-7556
9873
-5299
-5897
8833
136
3212
5608
2225
-5187
2605
6577
-7522
-7679
-865
-3492
-6808
9150
-2603
-1049
-2896
-8212
-8802
4786
9972
-823
5000
-3214
-6860
1009
9642
-7165
8758
-3835
-2094
-9341
-2594
7537
2793
-3846
-8342
-873
18
-5542
3404
7605
-3589
-7458
7099
3680
-7031
-4267
4337
-5809
6637
-815
8744
3276
-8370
-3084
-326
-2396
-5375
1269
9633
-2874
4310
4793
865
-1919
4863
-7919
3365
4282
-9863
5797
6428
1795
-733
-1940
1626
-5125
8439
1656
-4836
2562
1523
-4243
-3663
-3020
1122
1289
6115
-7875
7746
1696
-6927
-402
-3688
-2886
8821
9753
-8032
-7167
9858
5396
-7195
-1012
2491
6598
610
374
126
8004
-3399
-1829
7031
-7450
7821
-1321
-270
-6412
6690
8437
-6249
1810
-8772
-76
5622
8286
2674
8708
1794
-5716
-2022
6557
-1970
4496
-9926
-2585
483
4721
6434
-2873
9912
4563
-1826
8731
-4350
1817
2596
-1550
-286
3824
-7203
-4975
-7638
-3028
6033
-5760
2107
-9912
-1904
-1041
-2198
-2159
3747
-6125
-4816
6677
6954
-33
1982
-5043
3104
719
397
245
-7491
3813
-9490
-9490
-4165
-2416
-3882
-3787
-1125
-4453
1231
8904
7456
8092
1793
9174
-4447
-8425
404
-4440
8788
-1552
7734
-7280
4674
3043
-6652
8571
-1915
2046
1788
-2333
5577
2279
-1406
-8076
6417
-5096
-3890
-2479
8571
2718
-5151
405
-2873
7507
-791
-6789
-4694
-4074
-5705
639
-3341
-5137
741
8482
2769
3072
865
8543
3556
-8824
-8330
-976
3824
7454
9957
-8778
5491
5687
-1454
-1344
-9093
9571
-6530
3595
2490
4030
2397
2026
-6970
5318
357
2391
-1462
-1143
-2305
-2646
-3525
8880
-1245
9633
-3527
-5748
5541
-6537
-4960
9823
-1644
-1787
-5087
9620
520
6544
-9412
-7353
-5119
-8128
-3405
-1334
1089
1174
8965
-9239
-8494
-3129
-4436
1416
-3752
-2396
1625
-7090
1959
693
3336
4027
7688
6573
6300
507
-8791
-9763
-6622
9834
-1662
6153
-2612
5858
-4659
-7912
8333
-8649
520
5439
5834
-5889
-7839
-7997
7792
-6523
3181
-5881
-8789
498
-1448
-1953
1274
-2858
-5379
6574
-4611
1021
6577
-7822
-9307
-7411
2660
-8314
-8229
7598
2627
1034
-398
2074
160
4188
-7145
-7713
8011
-276
6373
-9580
-9395
-214
630
5122
-3773
143
-2189
-3943
9532
-993
-1552
1194
3317
-4312
-9253
-7491
3030
-3188
-1953
-8097
8584
3659
-6671
-9251
930
4893
4672
-1192
9057
-8522
1694
-9387
-2771
3832
4214
-9375
-2284
30
-8646
-4386
-8043
4441
-5198
8724
2591
-7167
1924
-7996
4826
718
-5178
-4269
7015
2857
5039
8143
1924
5276
-5362
-1940
6761
-1304
2946
7789
8814
1877
7671
8045
-8911
2686
4901
7
-4109
1589
-1416
9249
-1703
-2031
-1475
6302
-677
4441
-4711
-3787
3074
-273
8638
2350
-1808
9351
1649
-891
-8758
6774
-514
9805
6994
4792
893
-8182
-6741
-4351
1982
9535
8227
2891
6605
8211
2026
-1431
710
1128
-1754
5103
-5467
3010
-5451
3146
4630
-5580
-6582
-3419
8308
4168
4443
-6434
33
-5665
-6939
4287
5012
-9954
887
3498
-9166
-8872
-1916
-730
5749
9728
3808
-2629
-1533
6526
-6112
-2932
2772
-4196
7913
-7145
-4436
-4252
-2189
8170
1231
159
4478
5147
1073
2490
2224
6322
-8604
-7265
